mse,accuracy,precision,recall,f1,mse_cumulative,mse_cumulative_avg,accuracy_cumulative,accuracy_cumulative_avg,precision_cumulative,precision_cumulative_avg,recall_cumulative,recall_cumulative_avg,f1_cumulative,f1_cumulative_avg
0.001432913,0.9228067398071289,0.304076115577713,0.2954913768103581,0.29972228710841187,0.001432913,0.0014329130062833428,0.9228067398071289,0.9228067398071289,0.304076115577713,0.304076115577713,0.2954913768103581,0.2954913768103581,0.29972228710841187,0.29972228710841187
0.002094499,0.9242496490478516,0.31316106092984,0.2974872485969192,0.3051230010148021,0.0035274122,0.0017637060373090208,1.8470563888549805,0.9235281944274902,0.617237176507553,0.3086185882537765,0.5929786254072773,0.29648931270363865,0.604845288123214,0.302422644061607
0.0031112991,0.9249973297119141,0.3168121192162029,0.29538902441104725,0.30572573668320413,0.0066387113,0.0022129037339861193,2.7720537185668945,0.9240179061889648,0.934049295723756,0.31134976524125196,0.8883676498183246,0.29612254993944154,0.9105710248064182,0.30352367493547266
0.003934835,0.9257020950317383,0.3208952451708767,0.29472373381552686,0.3072531811027823,0.010573546,0.002643386571435258,3.697755813598633,0.9244389533996582,1.2549445408946327,0.3137361352236582,1.1830913836338515,0.29577284590846287,1.2178242059092006,0.3044560514773001
0.004967339,0.92657470703125,0.3273759185130894,0.2971631326657682,0.3115387366764432,0.015540885,0.0031081770313903688,4.624330520629883,0.9248661041259766,1.582320459407722,0.3164640918815444,1.4802545162996197,0.29605090325992395,1.5293629425856439,0.30587258851712873
0.0064978017,0.9268131256103516,0.32837036616089865,0.2957131403421982,0.3111873047786594,0.022038687,0.0036731144840208194,5.551143646240234,0.9251906077067057,1.9106908255686208,0.3184484709281034,1.7759676566418179,0.295994609440303,1.8405502473643032,0.3067583745607172
0.008520224,0.9267330169677734,0.32612557544268495,0.2912437522389587,0.30769923944778865,0.03055891,0.004365558719395527,6.477876663208008,0.9254109518868583,2.2368164010113056,0.31954520014447224,2.0672114088807767,0.2953159155543967,2.148249486812092,0.30689278383029883
0.010503158,0.9270515441894531,0.32809403797687525,0.29091963630780776,0.3083905967450271,0.04106207,0.005132758626132272,7.404928207397461,0.9256160259246826,2.5649104389881807,0.3206138048735226,2.3581310451885846,0.294766380648573,2.4566400835571187,0.30708001044463984
0.010829513,0.9272298812866211,0.3286699736474965,0.2893502328517084,0.30775930109136435,0.05189158,0.005765731330029666,8.332158088684082,0.9257953431871202,2.8935804126356772,0.32150893473729747,2.647481278040293,0.2941645864489214,2.764399384648483,0.3071554871831648
0.010616437,0.9272165298461914,0.327625837618825,0.28691083400146705,0.30591958674754677,0.06250802,0.006250801857095212,9.259374618530273,0.9259374618530274,3.221206250254502,0.32212062502545025,2.93439211204176,0.293439211204176,3.0703189713960297,0.307031897139603
0.011210024,0.9271183013916016,0.3258594040421827,0.2841132017536378,0.3035577589035104,0.07371804,0.0067016402661631055,10.186492919921875,0.9260448109019886,3.5470656542966847,0.3224605140269714,3.218505313795398,0.29259139216321794,3.37387673029954,0.3067160663908673
0.011592448,0.9277143478393555,0.3313697769399937,0.2878831817949199,0.30809957188107606,0.08531049,0.0071092075571262585,11.11420726776123,0.9261839389801025,3.8784354312366784,0.3232029526030566,3.506388495590318,0.2921990412991931,3.6819763021806162,0.30683135851505133
0.011628599,0.9275665283203125,0.3293218569655906,0.2852220194128384,0.3056896299546585,0.09693909,0.007456853045508838,12.041773796081543,0.9262902920062726,4.207757288202269,0.3236736375540207,3.7916105150031565,0.29166234730793505,3.9876659321352745,0.306743533241175
0.011307742,0.927978515625,0.3331424396216355,0.28778082939560906,0.30880468606992495,0.10824683,0.007731916574162564,12.969752311706543,0.9264108794076102,4.540899727823905,0.32434998055885034,4.079391344398766,0.2913850960284832,4.296470618205199,0.3068907584432286
0.011366014,0.9282054901123047,0.33512122711528947,0.2888384708551543,0.31026331702490245,0.11961285,0.007974189760473867,13.897957801818848,0.9265305201212565,4.876020954939194,0.3250680636626129,4.36822981525392,0.29121532101692793,4.6067339352301016,0.3071155956820068
0.010631981,0.9282951354980469,0.33570025983299284,0.288719059722625,0.31044223114877384,0.13024484,0.008140301732055377,14.826252937316895,0.9266408085823059,5.2117212147721865,0.3257325759232617,4.656948874976544,0.291059304686034,4.917176166378876,0.3073235103986798
0.009963412,0.9278736114501953,0.33098829467994195,0.2841132017536378,0.30576464108683676,0.14020824,0.008247543502982487,15.75412654876709,0.9267133263980641,5.542709509452129,0.32604173585012525,4.941062076730182,0.2906507103958931,5.222940807465712,0.3072318122038655
0.010740037,0.9282169342041016,0.3342756465131094,0.2864331894713499,0.30851063829787234,0.15094829,0.00838601536815986,16.68234348297119,0.9267968601650662,5.876985155965238,0.32649917533140216,5.227495266201531,0.2904164036778629,5.531451445763585,0.3073028580979769
0.011877708,0.927485466003418,0.32635399218313793,0.2791832278534996,0.30093133153747853,0.162826,0.008569788671784886,17.60982894897461,0.926833102577611,6.203339148148376,0.32649153411307247,5.506678494055031,0.28982518389763323,5.8323827773010635,0.3069675145947928
0.012671974,0.9278163909912109,0.3296744965773245,0.28179321403592567,0.30385917151055847,0.17549798,0.00877489791600965,18.53764533996582,0.926882266998291,6.533013644725701,0.326650682236285,5.788471708090956,0.2894235854045478,6.136241948811622,0.30681209744058113
0.012487561,0.9282426834106445,0.3340587812475042,0.2854096654782416,0.30782392714226575,0.18798554,0.008951691417245283,19.465888023376465,0.9269470487322126,6.867072425973205,0.3270034488558669,6.073881373569198,0.28923244636043804,6.444065875953888,0.306860279807328
0.01229287,0.9288339614868164,0.34008873965703323,0.29027140444550587,0.3132115411163775,0.20027842,0.009103563185569576,20.39472198486328,0.9270328174937855,7.207161165630239,0.32759823480137445,6.364152778014704,0.2892796717279411,6.757277417070266,0.30714897350319387
0.013023328,0.9289226531982422,0.3408495228186711,0.2906125791098753,0.31373271210474946,0.21330175,0.00927398774428698,21.323644638061523,0.9271149842635446,7.54801068844891,0.3281743777586482,6.654765357124579,0.28933762422280784,7.071010129175015,0.30743522300760934
0.013746043,0.9293155670166016,0.3447474403414214,0.2935125637570154,0.3170736201971805,0.22704779,0.009460323368936466,22.252960205078125,0.9272066752115885,7.892758128790331,0.32886492203293044,6.948277920881594,0.2895115800367331,7.388083749372195,0.3078368228905081
0.014284715,0.9293251037597656,0.34457981253637876,0.2928643318947135,0.3166242484600347,0.2413325,0.009653299036435782,23.18228530883789,0.9272914123535156,8.23733794132671,0.3294935176530684,7.241142252776307,0.28964569011105235,7.70470799783223,0.3081883199132892
0.014030937,0.9293689727783203,0.3448733147139786,0.2927960969618396,0.31670818341175383,0.25536343,0.009821669731396608,24.11165428161621,0.9273713185237005,8.582211256040688,0.3300850483092572,7.533938349738147,0.2897668596053134,8.021416181243984,0.30851600697092246
0.013358164,0.9295806884765625,0.3470360021709852,0.29450197028368674,0.31861804222648754,0.2687216,0.009952650987543166,25.041234970092773,0.9274531470404731,8.929247258211673,0.33071286141524714,7.8284403200218335,0.2899422340748828,8.340034223470472,0.3088901564248323
0.011780252,0.9298849105834961,0.35013075839871255,0.29690725166749116,0.3213299978768773,0.28050187,0.010017922443304477,25.97111988067627,0.9275399957384381,9.279378016610385,0.3314063577360852,8.125347571689325,0.2901909847031902,8.661364221347348,0.309334436476691
0.010782213,0.9298591613769531,0.34971104085701055,0.29625901980518926,0.3207735357677176,0.29128408,0.010044277288372917,26.900979042053223,0.9276199669673525,9.629089057467397,0.3320375537057723,8.421606591494514,0.29040022729291437,8.982137757115066,0.30972888817638156
0.010833666,0.9300298690795898,0.3515401650895913,0.29786254072772556,0.32248293948712264,0.30211776,0.010070590236379455,27.831008911132812,0.9277002970377605,9.980629222556988,0.3326876407518996,8.71946913222224,0.29064897107407467,9.304620696602187,0.31015402322007296
0.012024011,0.929600715637207,0.3468499334918779,0.2935807986898893,0.3179999815223718,0.31414178,0.010133603824332597,28.76060962677002,0.927761600863549,10.327479156048867,0.33314448890480214,9.01304993091213,0.2907435461584558,9.622620678124559,0.31040711864917936
0.013226267,0.9292068481445312,0.34244363254677945,0.28940140905136386,0.31369612248294226,0.32736805,0.01023024954702123,29.68981647491455,0.9278067648410797,10.669922788595645,0.3334350871436139,9.302451339963493,0.2907016043738592,9.936316800607502,0.3105099000189845
0.014219501,0.9291086196899414,0.34122140489855307,0.2880367103938862,0.31238148096757784,0.34158754,0.010351135956377468,30.618925094604492,0.9278462149880149,11.011144193494198,0.33367103616649085,9.59048805035738,0.2906208500108297,10.248698281575079,0.31056661459318424
0.01514772,0.929499626159668,0.345214014078809,0.29112434110642943,0.31587032769741896,0.35673526,0.010492211971295011,31.54842472076416,0.9278948447283577,11.356358207573008,0.33401053551685317,9.88161239146381,0.290635658572465,10.564568609272499,0.3107226061550735
0.014477848,0.9299020767211914,0.3494151455053224,0.2945360877501237,0.3196371546258157,0.3712131,0.01060608728855316,32.47832679748535,0.9279521942138672,11.70577335307833,0.3344506672308094,10.176148479213934,0.2907470994061124,10.884205763898315,0.31097730753995184
0.013952115,0.929570198059082,0.345787768327258,0.29127786970539565,0.3162007759187415,0.3851652,0.010699032492185425,33.407896995544434,0.9279971387651231,12.051561121405587,0.33476558670571077,10.467426348919329,0.2907618430255369,11.200406539817056,0.3111224038838072
0.013636542,0.9296989440917969,0.34703390689284774,0.2920966888998823,0.3172042014782979,0.39880174,0.010778424628959919,34.33759593963623,0.928043133503682,12.398595028298436,0.33509716292698477,10.75952303781921,0.2907979199410598,11.517610741295353,0.31128677679176636
0.012790122,0.9295711517333984,0.34560716965064175,0.29076610770884154,0.3158236057068742,0.41159186,0.010831364035287774,35.26716709136963,0.9280833445097271,12.744202197949077,0.3353737420512915,11.050289145528053,0.290797082777054,11.833434347002228,0.31140616702637447
0.0119709335,0.9295816421508789,0.34560285702690635,0.2905443441770014,0.3156909446447272,0.4235628,0.0108605837658382,36.19674873352051,0.9281217623979617,13.089805054975983,0.33563602705066625,11.340833489705055,0.2907906023001296,12.149125291646955,0.31151603311915277
0.011957315,0.9290533065795898,0.339858662984323,0.2854949591443339,0.31031381819867426,0.4355201,0.01088800204161089,37.1258020401001,0.9281450510025024,13.429663717960306,0.33574159294900763,11.626328448849389,0.2906582112212347,12.45943910984563,0.3114859777461408
0.013346947,0.9290580749511719,0.33979556585177506,0.28523907814605687,0.31013632569785776,0.44886705,0.010947976303968305,38.05486011505127,0.9281673198792992,13.76945928381208,0.33584047033688,11.911567526995446,0.29052603724379134,12.769575435543487,0.3114530594034997
0.013827864,0.9285945892333984,0.3347701441555009,0.28087204244212827,0.3054617639419688,0.4626949,0.011016545060556382,38.98345470428467,0.9281774929591587,14.104229427967582,0.33581498638018054,12.192439569437575,0.2902961802247041,13.075037199485456,0.31131040951155853
0.013276658,0.9285373687744141,0.33403194628141214,0.28003616451442315,0.30466009687656587,0.47597158,0.011069105827076318,39.91199207305908,0.9281858621641647,14.438261374248993,0.335773520331372,12.472475733951997,0.290057575208186,13.379697296362021,0.3111557510781866
0.012596511,0.9288578033447266,0.33733786728024273,0.2826120332304123,0.30755949949875616,0.4885681,0.011103819587416101,40.84084987640381,0.928201133554632,14.775599241529235,0.335809073671119,12.75508776718241,0.2898883583450548,13.687256795860778,0.311074018087745
0.01238721,0.9286289215087891,0.33474636721217926,0.2801896931133894,0.3050479162023624,0.5009553,0.011132339364849031,41.7694787979126,0.9282106399536133,15.110345608741415,0.33578545797203146,13.035277460295799,0.28967283245101777,13.99230471206314,0.31094010471251426
0.012420257,0.9288501739501953,0.3369775837803659,0.2818273315023626,0.306944857312723,0.5133755,0.011160337566094391,42.69832897186279,0.9282245428665824,15.44732319252178,0.33581137375047354,13.317104791798162,0.28950227808256873,14.299249569375863,0.310853251508171
0.012665401,0.9291391372680664,0.3399795918367347,0.28418143668651163,0.30958641900744277,0.5260409,0.011192360196876874,43.62746810913086,0.9282440023219332,15.787302784358515,0.33590005924167055,13.601286228484673,0.28938906869116326,14.608835988383307,0.3108262976251767
0.013374562,0.9287509918212891,0.3357226000122526,0.2804455741116665,0.3056046100938749,0.5394155,0.011237822742259596,44.55621910095215,0.9282545646031698,16.123025384370766,0.33589636217439106,13.88173180259634,0.28920274588742373,14.914440598477182,0.3107175124682746
