mse,accuracy,precision,recall,f1,mse_cumulative,mse_cumulative_avg,accuracy_cumulative,accuracy_cumulative_avg,precision_cumulative,precision_cumulative_avg,recall_cumulative,recall_cumulative_avg,f1_cumulative,f1_cumulative_avg
0.0021454934,0.9221048355102539,0.30243676742751385,0.30106958257279814,0.3017516263880934,0.0021454934,0.0021454934030771255,0.9221048355102539,0.9221048355102539,0.30243676742751385,0.30243676742751385,0.30106958257279814,0.30106958257279814,0.3017516263880934,0.3017516263880934
0.002297957,0.9226293563842773,0.3070566451789878,0.30552191194281914,0.30628735602698615,0.0044434504,0.00222172518260777,1.8447341918945312,0.9223670959472656,0.6094934126065017,0.30474670630325085,0.6065914945156172,0.3032957472578086,0.6080389824150796,0.3040194912075398
0.0024076893,0.9227313995361328,0.3081219056755692,0.3068183756674229,0.3074687590816623,0.0068511395,0.0022837132370720306,2.767465591430664,0.9224885304768881,0.9176153182820709,0.3058717727606903,0.9134098701830402,0.30446995672768007,0.9155077414967419,0.30516924716558064
0.0025356207,0.9231224060058594,0.31149171081280325,0.3099401238464032,0.31071398033347586,0.00938676,0.002346690103877336,3.6905879974365234,0.9226469993591309,1.229107029094874,0.3072767572737185,1.2233499940294434,0.30583749850736086,1.2262217218302176,0.3065554304575544
0.0026692117,0.9235134124755859,0.3151076917804698,0.3137101038876853,0.31440734471970044,0.012055972,0.002411194425076246,4.614101409912109,0.9228202819824218,1.5442147208753438,0.30884294417506875,1.5370600979171287,0.30741201958342573,1.540629066549918,0.3081258133099836
0.0027394213,0.9230155944824219,0.3107263354398945,0.3094965967827229,0.31011024698743694,0.014795393,0.002465898908364276,5.537117004394531,0.9228528340657552,1.8549410563152384,0.3091568427192064,1.8465566946998515,0.30775944911664194,1.850739313537355,0.30845655225622587
0.0027712097,0.9228048324584961,0.30866673523260996,0.3071766090650108,0.30791986935592813,0.017566603,0.0025095147346811636,6.459921836853027,0.9228459766932896,2.1636077915478484,0.30908682736397836,2.1537333037648625,0.30767618625212323,2.1586591828932833,0.30837988327046906
0.0028698882,0.9231243133544922,0.3115088549435101,0.3099571825796216,0.31073108165882857,0.020436492,0.0025545614189468324,7.3830461502075195,0.9228807687759399,2.4751166464913585,0.3093895808114198,2.463690486344484,0.3079613107930605,2.469390264552112,0.308673783069014
0.0026922242,0.9227352142333984,0.3081101458215528,0.3067330820013306,0.30742007180714653,0.023128716,0.0025698572862893343,8.305781364440918,0.9228645960489908,2.7832267923129113,0.30924742136810124,2.7704235683458145,0.3078248409273127,2.7768103363592584,0.3085344818176954
0.0026958268,0.922480583190918,0.30591237625458156,0.304686034015114,0.3052979736255096,0.025824543,0.0025824542390182614,9.228261947631836,0.9228261947631836,3.0891391685674927,0.3089139168567493,3.0751096023609286,0.30751096023609287,3.082108309984768,0.3082108309984768
0.0025459994,0.9225406646728516,0.30636897928411094,0.30501014994626496,0.3056880545724983,0.028370542,0.0025791401593861256,10.150802612304688,0.9228002374822443,3.395508147851604,0.30868255889560037,3.3801197523071935,0.3072836138461085,3.3877963645572664,0.3079814876870242
0.0024146815,0.9227514266967773,0.3083904109589041,0.30722778526466626,0.3078080002734552,0.030785223,0.002565435269692292,11.073554039001465,0.9227961699167887,3.703898558810508,0.308658213234209,3.68734753757186,0.30727896146432165,3.6956043648307215,0.3079670304025601
0.0022809578,0.9227399826049805,0.30824170177782345,0.3070060217328261,0.3076226208688369,0.03306618,0.002543552384640162,11.996294021606445,0.9227918478158804,4.012140260588331,0.30862617389141006,3.994353559304686,0.30725796610036044,4.003226985699558,0.30794053736150445
0.0022596333,0.9228668212890625,0.30935128560905834,0.30806366319237133,0.3087061317287475,0.035325814,0.002523272447953267,12.919160842895508,0.9227972030639648,4.3214915461973895,0.30867796758552785,4.302417222497057,0.30731551589264694,4.311933117428306,0.3079952226734504
0.0021919126,0.9230079650878906,0.31078745143678654,0.30976953651421846,0.3102776591200342,0.037517726,0.0025011817924678326,13.842168807983398,0.9228112538655598,4.632278997634176,0.30881859984227844,4.6121867590112755,0.3074791172674184,4.62221077654834,0.3081473851032227
0.002132749,0.9227886199951172,0.30874723920078073,0.3076201361286911,0.3081826571418806,0.039650474,0.0024781547399470583,14.764957427978516,0.9228098392486572,4.941026236834956,0.3088141398021848,4.919806895139967,0.30748793094624793,4.930393433690221,0.30814958960563876
0.0021746182,0.9227666854858398,0.3084421146400795,0.3071424915985739,0.30779093123637763,0.041825093,0.002460299648673219,15.687724113464355,0.9228073007920209,5.249468351475035,0.30879225596911974,5.226949386738541,0.30746761098462005,5.238184364926599,0.30812849205450576
0.0022687605,0.9228610992431641,0.30937173581739413,0.3082001330581191,0.30878482310716115,0.044093855,0.002449658582918346,16.61058521270752,0.9228102895948622,5.558840087292429,0.3088244492940239,5.5351495197966605,0.30750830665537,5.54696918803376,0.3081649548907644
0.0023324294,0.9222221374511719,0.3035546038543897,0.3022807526313096,0.3029163390201374,0.046426285,0.002443488626005618,17.53280735015869,0.9227793342188785,5.862394691146819,0.30854708900772737,5.83743027242797,0.307233172233051,5.849885527053897,0.3078887119502051
0.002389351,0.9225444793701172,0.3063833433296204,0.3049930912130465,0.30568663657502393,0.048815638,0.0024407817400060594,18.45535182952881,0.9227675914764404,6.168778034476439,0.30843890172382205,6.142423363641017,0.3071211681820508,6.155572163628921,0.30777860818144603
0.002374449,0.9234085083007812,0.31413343387431236,0.31268657989457704,0.3134083370379236,0.051190086,0.002437623040307136,19.37876033782959,0.9227981113252186,6.482911468350752,0.30871006992146444,6.455109943535594,0.30738618778740917,6.468980500666845,0.308046690507945
0.0022584333,0.9235363006591797,0.3152436620442586,0.3137271626209038,0.31448358413132693,0.05344852,0.0024294780503789134,20.30229663848877,0.9228316653858532,6.79815513039501,0.30900705138159146,6.768837106156497,0.30767441391620437,6.783464084798172,0.30833927658173504
0.0022034214,0.9236507415771484,0.3162406350186014,0.3146653929479197,0.31545104745617786,0.05565194,0.00241964950185755,21.225947380065918,0.9228672773941703,7.114395765413612,0.3093215550179832,7.083502499104417,0.307978369526279,7.0989151322543504,0.30864848401105865
0.0021962172,0.9240922927856445,0.32028036742528104,0.31881066512000816,0.31954382635309003,0.05784816,0.0024103398221389702,22.150039672851562,0.9229183197021484,7.434676132838892,0.30977817220162057,7.402313164224425,0.3084297151760177,7.418458958607441,0.3091024566086433
0.002249253,0.9240684509277344,0.32003839363762576,0.31852066665529416,0.31927772647994257,0.06009741,0.0024038963485509155,23.074108123779297,0.9229643249511719,7.754714526476518,0.3101885810590608,7.720833830879719,0.30883335323518873,7.737736685087383,0.3095094674034953
0.0023356734,0.9237728118896484,0.3173253321903129,0.3157230344074649,0.31652215552477214,0.062433086,0.0024012723901810553,23.997880935668945,0.9229954206026517,8.07203985866683,0.3104630714871858,8.036556865287183,0.309098340972584,8.054258840612155,0.30977918617739053
0.0023945917,0.9240283966064453,0.31990687642295906,0.3187936063867897,0.3193492711768827,0.06482768,0.0024010249568770328,24.92190933227539,0.9230336789731626,8.391946735089789,0.3108128420403627,8.355350471673972,0.3094574248768139,8.373608111789038,0.3101336337699643
0.0024114856,0.9242038726806641,0.3213288330734833,0.3199365415124273,0.32063117584709544,0.067239165,0.002401398553047329,25.846113204956055,0.9230754716055733,8.713275568163272,0.31118841314868845,8.6752870131864,0.30983167904237147,8.694239287636133,0.31050854598700467
0.0023079931,0.9240779876708984,0.3201918958279791,0.3187936063867897,0.31949122117176415,0.06954716,0.002398177676288218,26.770191192626953,0.9231100411250673,9.03346746399125,0.31149887806866394,8.99408061957319,0.31014071101976515,9.013730508807898,0.3108182934071688
0.0023127904,0.9242734909057617,0.32203651060040417,0.32078947817335085,0.32141178481391275,0.07185995,0.002395331432732443,27.694464683532715,0.9231488227844238,9.355503974591654,0.3118501324863886,9.31487009774654,0.3104956699248847,9.33514229362181,0.3111714097873936
0.002374165,0.9239044189453125,0.3187879825387315,0.3176677299943706,0.3182268703646741,0.07423411,0.0023946486443521516,28.618369102478027,0.9231731968541299,9.674291957130386,0.3120739341009803,9.632537827740911,0.31072702670131974,9.653369163986484,0.31139900528988657
0.0024101697,0.9237098693847656,0.31689139410968525,0.31551832960884324,0.31620337128594384,0.07664429,0.002395133677055128,29.542078971862793,0.9231899678707123,9.991183351240071,0.31222447972625234,9.948056157349754,0.31087675491717986,9.969572535272428,0.31154914172726333
0.0025117863,0.9234218597412109,0.31436792436672545,0.3131130482250388,0.31373923150553806,0.07915607,0.002398668604931145,30.465500831604004,0.9231969948970911,10.305551275606797,0.3122894325941455,10.261169205574793,0.31094452138105433,10.283311766777967,0.31161550808418076
0.0026483154,0.9237022399902344,0.31689815211248307,0.315654799474591,0.316275253820121,0.08180439,0.002406011157504776,31.38920307159424,0.9232118550468894,10.62244942771928,0.3124249831682142,10.576824005049385,0.31108305897204075,10.599587020598088,0.3117525594293555
0.002651075,0.9240255355834961,0.3198596130799521,0.3187083127206974,0.31928292503695604,0.08445546,0.0024130129787538735,32.313228607177734,0.923235103062221,10.942309040799232,0.31263740116569244,10.895532317770083,0.3113009233648595,10.918869945635045,0.31196771273242974
0.002786492,0.9236831665039062,0.3167206151843669,0.31546715340918785,0.3160926416545594,0.087241955,0.002423387395942377,33.23691177368164,0.9232475492689345,11.2590296559836,0.31275082377732233,11.21099947117927,0.311416651977202,11.234962587289605,0.31208229409137783
0.0027189923,0.9235639572143555,0.3155649223810013,0.314170689684584,0.31486626261935496,0.08996095,0.002431376717632284,34.160475730895996,0.923256100835027,11.574594578364602,0.31282688049634066,11.525170160863855,0.3114910854287528,11.549828849908959,0.3121575364840259
0.002690145,0.9237966537475586,0.31772403398191285,0.3164395012026407,0.3170804666467245,0.09265109,0.0024381864105204216,35.084272384643555,0.9232703259116725,11.892318612346514,0.31295575295648725,11.841609662066496,0.3116213068964867,11.866909316555683,0.3122870872777811
0.0025506276,0.9237451553344727,0.3172490578965399,0.315944797939305,0.3165955846531226,0.095201716,0.0024410695171891116,36.00801753997803,0.9232825010250776,12.209567670243054,0.3130658376985399,12.157554460005802,0.31173216564117434,12.183504901208805,0.3123975615694565
0.002316428,0.9233303070068359,0.3134755418487107,0.312106582965149,0.31278956456328105,0.097518146,0.0024379534821491688,36.93134784698486,0.9232836961746216,12.523043212091764,0.31307608030229417,12.46966104297095,0.3117415260742737,12.496294465772086,0.3124073616443021
0.0023247034,0.9234733581542969,0.3147986364492865,0.31348834035584516,0.31414212208755704,0.09984285,0.002435191284592559,37.85482120513916,0.9232883220765649,12.83784184854105,0.31311809386685496,12.783149383326794,0.3117841313006535,12.810436587859643,0.3124496728746254
0.0023830195,0.9229984283447266,0.3105007966830572,0.3091554221183535,0.30982664888706535,0.10222586,0.002433949100252773,38.77781963348389,0.9232814198448545,13.148342645224107,0.31305577726724076,13.092304805445147,0.3117215429867892,13.120263236746709,0.31238721992254065
0.0024579286,0.9228448867797852,0.309079069129794,0.3076713123283465,0.3083735840991665,0.104683794,0.0024345067632926065,39.70066452026367,0.9232712679131087,13.4574217143539,0.31296329568264897,13.399976117773495,0.3116273515761278,13.428636820845876,0.31229387955455523
0.0024007147,0.9228658676147461,0.3093133223684211,0.307978369526279,0.30864440246518904,0.107084505,0.002433738761200485,40.62353038787842,0.923262054269964,13.766735036722322,0.3128803417436892,13.707954487299773,0.31154442016590395,13.737281223311065,0.31221093689343327
0.0024158065,0.9226188659667969,0.30704505338200266,0.3056413230753484,0.30634158018021096,0.10950031,0.0024333402669678133,41.546149253845215,0.9232477611965604,14.073780090104325,0.3127506686689851,14.013595810375122,0.3114132402305583,14.043622803491276,0.31208050674425053
0.0023741806,0.9227066040039062,0.3078465308360608,0.30646014226983503,0.30715177212809247,0.11187449,0.0024320541870901766,42.46885585784912,0.9232359969097635,14.381626620940386,0.312644056976965,14.320055952644957,0.3113055641879338,14.350774575619369,0.3119733603395514
0.0023127862,0.923060417175293,0.31110616285841525,0.30983777144709235,0.31047067169217885,0.11418728,0.0024295165698896065,43.391916275024414,0.9232322611707322,14.692732783798801,0.3126113358255065,14.62989372409205,0.31127433455514997,14.661245247311548,0.31194138824067114
0.002333773,0.9223833084106445,0.30495870600733355,0.30361133382235034,0.3042835283759179,0.11652105,0.002427521913584011,44.31429958343506,0.9232145746548971,14.997691489806135,0.3124519060376279,14.9335050579144,0.31111468870654996,14.965528775687465,0.3117818494934888
